10 78 2.00002e-06
20 173 2.99991e-06
30 258 3.00002e-06
40 382 3.00002e-06
50 497 4.00003e-06
60 577 2.09999e-05
70 699 5.00004e-06
80 839 7.99983e-06
90 979 7.00005e-06
100 1094 1.10001e-05
200 2387 9.99996e-06
300 3657 7.70001e-05
400 5172 3.7e-05
500 6272 2.19999e-05
600 7906 2.7e-05
700 9606 3.1e-05
800 11141 6e-05
900 12341 6.49999e-05
1000 13541 7.2e-05
2000 29078 0.000495
3000 47796 0.000365
4000 62151 0.000728
5000 81581 0.001148
6000 101581 0.000306
7000 117296 0.00047
8000 132296 0.000389
9000 152150 0.000544
10000 173150 0.002021
20000 366287 0.002865
30000 559162 0.006142
40000 772560 0.005953
50000 998315 0.002932
70000 1385105 0.003943
100000 2096620 0.005864
200000 4393229 0.012799
300000 6620371 0.018475
400000 9186446 0.028296
500000 11286446 0.05066
700000 16540724 0.046856
1000000 23572879 0.102172
