10 92 -6.00005e-06
20 287 -2.00002e-06
30 582 -2.00002e-06
40 977 -4.00003e-06
50 1472 -8.00006e-06
60 2067 -3.90001e-05
70 2762 -1.3e-05
80 3557 -2.09999e-05
90 4452 -3.4e-05
100 5447 -1.9e-05
200 20897 -6.00001e-05
300 46347 -0.000514
400 81797 -0.000425
500 127247 -0.000347
600 182697 -0.000508
700 248147 -0.000666
800 323597 -0.001489
900 409047 -0.001826
1000 504497 -0.002
2000 2008997 -0.009407
3000 4513497 -0.020037
4000 8017997 -0.024112
5000 12522497 -0.037945
6000 18026997 -0.044948
7000 24531497 -0.063038
8000 32035997 -0.088309
9000 40540497 -0.106386
10000 50044997 -0.128671
20000 200089997 -0.510689
30000 450134997 -1.1071
40000 800179997 -1.96861
50000 1250224997 -3.09204
70000 2450314997 -6.05428
100000 5000449997 -12.4216
200000 20000899997 -49.2426
300000 45001349997 -115.51
400000 80001799997 -250.013
500000 125002249997 -388.765
700000 245003149997 -773.517
1000000 500004499997 -1617.91
