10 86 6.99982e-06
20 199 1.40001e-05
30 326 1.39999e-05
40 460 2.00002e-05
50 589 7.00005e-06
60 747 7.99994e-06
70 901 8.99995e-06
80 1052 1.1e-05
90 1227 1.69999e-05
100 1364 2.7e-05
200 3101 5.40002e-05
300 4794 6.5e-05
400 6804 8.29999e-05
500 8740 0.000111
600 10916 8.49999e-05
700 12660 0.000106
800 14945 0.000378
900 17176 0.000139
1000 19217 0.000149
2000 41613 0.000496
3000 65460 0.000889
4000 88309 0.002096
5000 114727 0.001401
6000 138801 0.001679
7000 166945 0.001241
8000 192791 0.001447
9000 216821 0.001711
10000 252967 0.001849
20000 520765 0.003892
30000 823605 0.010245
40000 1119107 0.012007
50000 1423590 0.008224
70000 2028493 0.01429
100000 3005468 0.017944
200000 6401511 0.038587
300000 9962286 0.058879
400000 13837227 0.085624
500000 16935139 0.101073
700000 24315023 0.138832
1000000 35574980 0.203695
