10 68 5.00004e-06
20 140 9.99984e-06
30 227 1.09999e-05
40 367 1.39999e-05
50 430 6.00005e-06
60 555 7.99994e-06
70 677 9.99996e-06
80 793 1.1e-05
90 941 1.39999e-05
100 1144 2.30001e-05
200 2625 4.99999e-05
300 4244 7.30001e-05
400 5451 9.49999e-05
500 7343 0.000122
600 9459 8.39999e-05
700 10713 9.79999e-05
800 13103 0.000396
900 15232 0.000136
1000 16368 0.000148
2000 34744 0.000531
3000 55941 0.000855
4000 75259 0.000667
5000 98463 0.00123
6000 127801 0.001248
7000 142807 0.001146
8000 168882 0.00134
9000 188340 0.001778
10000 227845 0.001724
20000 448420 0.003681
30000 717635 0.004644
40000 1004150 0.006472
50000 1272005 0.007537
70000 1865080 0.011115
100000 2668515 0.016372
200000 5665025 0.034794
300000 8873277 0.053304
400000 11613955 0.071998
500000 15088054 0.094746
700000 21933246 0.133016
1000000 32439638 0.189655
