10 73 1.00001e-06
20 205 2.00002e-06
30 383 2.00002e-06
40 577 3.00002e-06
50 873 4.00003e-06
60 1126 2.9e-05
70 1566 9.99996e-06
80 1819 8.99984e-06
90 2473 8.99995e-06
100 2728 1.2e-05
200 9342 3.2e-05
300 20111 0.000248
400 34515 0.000167
500 52512 0.00015
600 74570 0.000216
700 102141 0.00028
800 131447 0.000597
900 163342 0.000771
1000 199056 0.000645
2000 798879 0.002041
3000 1743358 0.004322
4000 3148763 0.008262
5000 4758560 0.011975
6000 7081346 0.017773
7000 9497543 0.023793
8000 12519168 0.031456
9000 15435202 0.038878
10000 19628641 0.048562
20000 77965629 0.19194
30000 175897976 0.429999
40000 311394439 0.769287
50000 488686964 1.20386
70000 956691242 2.3485
100000 1945641434 4.80092
200000 7777194569 19.0854
300000 17507193295 49.4547
400000 31118030992 95.6364
500000 48607305926 151.188
700000 95312380539 303.152
1000000 194365677720 578.361
