10 55 -2.00002e-06
20 159 -1.9999e-06
30 319 -2.00002e-06
40 494 -2.99991e-06
50 775 -3.00002e-06
60 997 -2.5e-05
70 1416 -8.99995e-06
80 1656 -7.99983e-06
90 2290 -8.00006e-06
100 2525 -9.99996e-06
200 9254 -2.9e-05
300 20205 -0.000285
400 35246 -0.000181
500 54613 -0.000157
600 77959 -0.000217
700 105993 -0.000314
800 137708 -0.000641
900 174304 -0.000785
1000 213881 -0.000698
2000 851090 -0.002118
3000 1900322 -0.004983
4000 3380496 -0.008579
5000 5264362 -0.013296
6000 7610766 -0.019005
7000 10314092 -0.026148
8000 13490639 -0.036485
9000 17024655 -0.041804
10000 21130762 -0.051968
20000 84201667 -0.205978
30000 189816783 -0.463712
40000 336648120 -0.827773
50000 527434614 -1.32144
70000 1033091502 -2.54692
100000 2103501692 -5.17985
200000 8413090960 -20.6992
300000 18929744187 -52.5872
400000 33653772122 -103.509
500000 52578974914 -163.732
700000 103062710159 -331.906
1000000 210311018868 -640.377
